1373358054
1.16438 -0.173752 0.109945
1.21363 -0.226985 -0.0915711
1.24056 -0.215362 -0.236097
1.29345 -0.0917733 -0.0658256
1.40439 -0.0265759 -0.253565
1.26105 0.00155247 -0.420258
1.30672 -0.137287 -0.36797
1.32088 -0.152472 -0.656783
1.42441 -0.16 -0.915131
1.13382 -0.362198 -0.117317
1.16284 -0.416103 -0.293354
1.06506 -0.394374 -0.455674
1.22826 -0.270191 -0.393276
1.21846 -0.281299 -0.682456
1.32418 -0.312532 -0.938125
1373358055
1.17179 -0.165252 0.10705
1.21544 -0.223517 -0.0917242
1.24679 -0.212869 -0.237433
1.29709 -0.0892999 -0.0643471
1.40984 -0.0310675 -0.251452
1.30308 0.0200773 -0.416957
1.3249 -0.125361 -0.367465
1.32159 -0.146699 -0.656136
1.42875 -0.150773 -0.912991
1.13379 -0.357735 -0.119101
1.16046 -0.414267 -0.292566
1.05439 -0.385443 -0.450294
1.23139 -0.279081 -0.39882
1.22356 -0.293207 -0.687847
1.33664 -0.301447 -0.942054
1373358055
1.18296 -0.15677 0.102004
1.2216 -0.217399 -0.0933056
1.26019 -0.204397 -0.243167
1.29719 -0.0811657 -0.062021
1.41536 -0.0204037 -0.246628
1.29414 0.024779 -0.416111
1.34003 -0.117048 -0.375955
1.33925 -0.141646 -0.664497
1.44578 -0.145487 -0.92174
1.14601 -0.353632 -0.12459
1.16678 -0.412848 -0.295926
1.08264 -0.378593 -0.454072
1.25753 -0.265742 -0.410101
1.24296 -0.299759 -0.697317
1.35224 -0.282693 -0.952861
1373358055
1.1897 -0.151586 0.0984177
1.23263 -0.207663 -0.0959105
1.27294 -0.191029 -0.245962
1.30686 -0.0683747 -0.0605301
1.40247 -0.015347 -0.241296
1.29032 0.0252311 -0.415312
1.35111 -0.103349 -0.377966
1.35662 -0.131762 -0.664619
1.46178 -0.137687 -0.920843
1.1584 -0.346951 -0.131291
1.17209 -0.406758 -0.301526
1.10178 -0.367186 -0.448052
1.27538 -0.245444 -0.41406
1.25988 -0.296769 -0.697137
1.37242 -0.275052 -0.949345
1373358055
1.19107 -0.149148 0.0995273
1.24329 -0.198874 -0.100491
1.27688 -0.182151 -0.24532
1.32968 -0.0568954 -0.0640605
1.42616 -0.0108822 -0.239386
1.33169 0.0298994 -0.415491
1.35019 -0.100155 -0.373399
1.36659 -0.119028 -0.659527
1.47832 -0.12676 -0.911971
1.15691 -0.340852 -0.136922
1.17302 -0.401985 -0.306562
1.18427 -0.387269 -0.476378
1.27076 -0.230702 -0.406897
1.26502 -0.288014 -0.688281
1.38581 -0.272477 -0.936152
1373358055
1.19204 -0.14776 0.102251
1.25008 -0.192603 -0.104005
1.28457 -0.177717 -0.2466
1.33524 -0.0477668 -0.0682848
1.4293 -0.00802977 -0.239105
1.33194 0.0253863 -0.428326
1.35589 -0.100192 -0.373748
1.38785 -0.111046 -0.658653
1.48233 -0.133057 -0.916898
1.16491 -0.33744 -0.139726
1.1843 -0.404679 -0.305601
1.19094 -0.390287 -0.483444
1.28223 -0.225468 -0.404644
1.26929 -0.261507 -0.688976
1.38159 -0.261672 -0.940947
1373358055
1.19324 -0.14725 0.105171
1.26421 -0.183887 -0.110029
1.29203 -0.173344 -0.255736
1.35793 -0.0329318 -0.0812131
1.44214 -0.00137231 -0.249144
1.32441 0.0216646 -0.439794
1.35895 -0.0998296 -0.389422
1.40174 -0.108958 -0.672801
1.49424 -0.133984 -0.931323
1.17049 -0.334843 -0.138845
1.18946 -0.407863 -0.301969
1.19522 -0.397446 -0.489532
1.28076 -0.225774 -0.413463
1.26808 -0.250388 -0.698861
1.37304 -0.257251 -0.953715
1373358055
1.20323 -0.14822 0.117427
1.27848 -0.168051 -0.11103
1.30607 -0.160451 -0.251251
1.36855 -0.0185604 -0.0852015
1.43954 0.0087311 -0.253426
1.31709 0.032827 -0.443641
1.37075 -0.0913055 -0.380837
1.39929 -0.105108 -0.66591
1.49493 -0.129188 -0.923473
1.1884 -0.317542 -0.136859
1.19839 -0.402899 -0.2817
1.19894 -0.408485 -0.479719
1.29659 -0.214397 -0.402105
1.27517 -0.232098 -0.687587
1.38013 -0.248911 -0.942078
1373358055
1.21175 -0.151468 0.122344
1.27747 -0.171336 -0.113082
1.30141 -0.165661 -0.253486
1.36478 -0.0210274 -0.0921179
1.43508 0.0166822 -0.270444
1.31492 0.0276022 -0.449263
1.36324 -0.0947677 -0.384793
1.42038 -0.0934082 -0.664268
1.49469 -0.118478 -0.927107
1.19016 -0.321644 -0.134046
1.19348 -0.41166 -0.28601
1.20006 -0.40998 -0.484411
1.28747 -0.225206 -0.402986
1.27721 -0.233125 -0.687951
1.38094 -0.247622 -0.941456
1373358055
1.2187 -0.156896 0.12589
1.2782 -0.171662 -0.112139
1.30222 -0.166433 -0.251987
1.36614 -0.0192319 -0.091333
1.43241 0.0130523 -0.259081
1.31008 0.0300136 -0.453726
1.36495 -0.0941025 -0.382676
1.41028 -0.0926502 -0.666875
1.48793 -0.122575 -0.93079
1.19026 -0.324092 -0.132945
1.1901 -0.416016 -0.288607
1.19685 -0.411749 -0.486237
1.28753 -0.228307 -0.400994
1.27135 -0.22908 -0.688332
1.38733 -0.243255 -0.939184
1373358055
1.2186 -0.159914 0.130053
1.2833 -0.169996 -0.108113
1.30337 -0.163892 -0.246021
1.37166 -0.0209417 -0.0886538
1.42767 0.0121616 -0.253682
1.31713 0.0330094 -0.453314
1.36278 -0.0914329 -0.375266
1.41414 -0.0876533 -0.667678
1.48774 -0.128115 -0.940536
1.19493 -0.319049 -0.127572
1.18084 -0.416236 -0.286958
1.18863 -0.411754 -0.483833
1.28411 -0.224146 -0.392592
1.26168 -0.214314 -0.688492
1.39375 -0.23901 -0.940391
1373358056
1.2194 -0.163357 0.130898
1.28224 -0.174479 -0.105605
1.29875 -0.16591 -0.239695
1.37389 -0.0278097 -0.0849481
1.43279 0.00591086 -0.253485
1.33503 0.0174928 -0.449091
1.35171 -0.0990197 -0.365571
1.41156 -0.089346 -0.656171
1.45771 -0.133265 -0.934411
1.1906 -0.321148 -0.126262
1.17319 -0.418153 -0.290862
1.17925 -0.414988 -0.47834
1.27882 -0.215663 -0.381999
1.25518 -0.24295 -0.676653
1.38641 -0.260702 -0.929517
1373358056
1.21647 -0.16493 0.131883
1.28343 -0.176262 -0.106932
1.30142 -0.166658 -0.240698
1.38141 -0.0317487 -0.083383
1.45379 -0.000604332 -0.262978
1.33687 0.0209261 -0.451522
1.36426 -0.0908934 -0.363684
1.40685 -0.0832531 -0.660084
1.4461 -0.139849 -0.93975
1.18545 -0.320776 -0.130481
1.16156 -0.416165 -0.29922
1.17467 -0.409327 -0.484676
1.27454 -0.223213 -0.385245
1.26011 -0.248144 -0.6834
1.38275 -0.273467 -0.942775
1373358056
1.21327 -0.167328 0.130988
1.28483 -0.178251 -0.109943
1.30214 -0.169206 -0.24591
1.38589 -0.0328906 -0.0874093
1.45802 -0.00282742 -0.267163
1.33638 0.0209578 -0.452598
1.36692 -0.0918707 -0.37129
1.4069 -0.0812393 -0.668854
1.46783 -0.137738 -0.945517
1.18378 -0.323611 -0.132477
1.15246 -0.414639 -0.306034
1.17403 -0.409754 -0.487538
1.27197 -0.22845 -0.392463
1.2816 -0.250202 -0.691946
1.37945 -0.279666 -0.962137
1373358056
1.20684 -0.168759 0.129352
1.27458 -0.192886 -0.105183
1.29259 -0.176973 -0.239471
1.37476 -0.0536316 -0.0752459
1.45154 -0.00726095 -0.262681
1.33763 0.02041 -0.449832
1.35645 -0.097331 -0.360058
1.39939 -0.0875832 -0.657689
1.47104 -0.141733 -0.932696
1.17439 -0.33214 -0.135121
1.14563 -0.417305 -0.30863
1.16645 -0.411211 -0.486099
1.26475 -0.224788 -0.387459
1.2891 -0.242782 -0.686804
1.37766 -0.284275 -0.959072
1373358056
1.19444 -0.171484 0.127963
1.26078 -0.203994 -0.100485
1.27375 -0.188386 -0.236669
1.35087 -0.0621897 -0.0756546
1.44468 -0.0100733 -0.26931
1.32769 0.0234298 -0.458432
1.31977 -0.12075 -0.363743
1.40435 -0.0942658 -0.652312
1.47242 -0.147983 -0.929321
1.1707 -0.345799 -0.125316
1.16289 -0.425725 -0.298689
1.16565 -0.415504 -0.47197
1.25367 -0.224805 -0.381963
1.27064 -0.260971 -0.681181
1.35551 -0.28601 -0.957628
1373358056
1.18909 -0.17246 0.124835
1.24569 -0.220056 -0.10017
1.27063 -0.19527 -0.236046
1.33443 -0.082657 -0.0588119
1.43037 -0.0247132 -0.244018
1.32864 0.0166784 -0.446984
1.33103 -0.115597 -0.355402
1.39263 -0.0999562 -0.650652
1.46441 -0.152325 -0.927118
1.15694 -0.357455 -0.141527
1.15447 -0.433497 -0.322042
1.1685 -0.406461 -0.4839
1.26013 -0.22537 -0.388445
1.26642 -0.250204 -0.689367
1.35428 -0.275996 -0.964947
1373358056
1.18532 -0.172254 0.123077
1.2353 -0.226771 -0.0967858
1.25925 -0.203825 -0.225311
1.32036 -0.0906297 -0.0566246
1.41837 -0.0354628 -0.228012
1.33071 0.0128494 -0.447313
1.31165 -0.135359 -0.340409
1.37576 -0.110719 -0.634707
1.45688 -0.160523 -0.909256
1.15023 -0.362912 -0.136947
1.15994 -0.433312 -0.312495
1.17196 -0.410206 -0.474826
1.25477 -0.226397 -0.367265
1.26113 -0.239434 -0.669122
1.36304 -0.281773 -0.937936
1373358056
1.18429 -0.172609 0.123664
1.23244 -0.227081 -0.100002
1.2589 -0.209199 -0.240042
1.31935 -0.0870815 -0.065706
1.41595 -0.0295824 -0.251658
1.32409 0.0187202 -0.462199
1.32241 -0.131622 -0.365458
1.37679 -0.111603 -0.661882
1.47061 -0.158375 -0.932716
1.14553 -0.367081 -0.134298
1.1597 -0.438336 -0.313477
1.16743 -0.41242 -0.464442
1.2483 -0.251012 -0.394706
1.25223 -0.248266 -0.696701
1.36419 -0.285701 -0.962039
1373358056
1.1823 -0.174106 0.123927
1.23041 -0.229348 -0.101574
1.25986 -0.205861 -0.235833
1.31803 -0.089469 -0.0578845
1.41156 -0.0313215 -0.237561
1.32578 0.00899741 -0.455299
1.32415 -0.126758 -0.352722
1.37095 -0.114277 -0.651275
1.47135 -0.156031 -0.921008
1.14279 -0.369227 -0.145263
1.15747 -0.440484 -0.329155
1.06734 -0.362361 -0.486897
1.25447 -0.237991 -0.387464
1.23302 -0.243665 -0.689107
1.35626 -0.28473 -0.94931
1373358056
1.18211 -0.174278 0.125894
1.22788 -0.230466 -0.1024
1.26146 -0.205436 -0.237143
1.31387 -0.0902377 -0.0549203
1.41368 -0.0306125 -0.239711
1.32472 0.00898651 -0.450582
1.33031 -0.122889 -0.352411
1.36376 -0.119089 -0.652671
1.47204 -0.158225 -0.919403
1.14188 -0.370694 -0.14988
1.15156 -0.439198 -0.334923
1.06759 -0.360009 -0.495251
1.25976 -0.237923 -0.391361
1.24022 -0.245764 -0.692767
1.35345 -0.288006 -0.956957
1373358057
1.18001 -0.174663 0.125656
1.22149 -0.232566 -0.102665
1.25715 -0.208456 -0.241549
1.30333 -0.0899236 -0.0568907
1.41201 -0.0312937 -0.241796
1.32486 0.00408605 -0.458111
1.32572 -0.126989 -0.362027
1.36426 -0.12344 -0.661645
1.47495 -0.159251 -0.927819
1.13965 -0.375208 -0.148439
1.15437 -0.438568 -0.32147
1.16844 -0.410284 -0.473675
1.2599 -0.241704 -0.398839
1.26028 -0.251187 -0.700798
1.35104 -0.293853 -0.973423
1373358057
1.17941 -0.175632 0.124876
1.21975 -0.234839 -0.101194
1.25531 -0.209594 -0.240117
1.30125 -0.0914385 -0.0542777
1.4059 -0.0374015 -0.240098
1.32535 0.00407072 -0.461786
1.32323 -0.127401 -0.360407
1.3611 -0.127449 -0.660405
1.47343 -0.160643 -0.926512
1.13826 -0.378239 -0.14811
1.15575 -0.439614 -0.319618
1.16418 -0.412983 -0.46951
1.2585 -0.241299 -0.397671
1.26655 -0.255584 -0.699605
1.35305 -0.293019 -0.974652
1373358057
1.17613 -0.17714 0.126182
1.21269 -0.241568 -0.0943203
1.24801 -0.214696 -0.233321
1.28827 -0.0995556 -0.0476622
1.36692 -0.0556379 -0.237225
1.32326 0.00927906 -0.469346
1.31352 -0.131096 -0.353684
1.36187 -0.125418 -0.652194
1.47159 -0.160447 -0.919235
1.13711 -0.383581 -0.140978
1.1568 -0.441917 -0.313351
1.16584 -0.412735 -0.461327
1.25314 -0.244551 -0.390959
1.25347 -0.268822 -0.692438
1.34987 -0.292316 -0.96581
1373358057
1.17251 -0.177602 0.126689
1.21292 -0.241501 -0.0935074
1.24916 -0.213177 -0.229281
1.29093 -0.0995737 -0.0430796
1.38375 -0.0497419 -0.234354
1.32622 0.0069695 -0.465576
1.31984 -0.122179 -0.342787
1.34683 -0.126067 -0.643877
1.45956 -0.15208 -0.910556
1.13492 -0.383429 -0.143935
1.15241 -0.445646 -0.330743
1.06731 -0.367489 -0.491125
1.25095 -0.247526 -0.387324
1.2617 -0.275662 -0.688142
1.35211 -0.29379 -0.963821
1373358057
1.16912 -0.178834 0.126541
1.20965 -0.242618 -0.0901085
1.24668 -0.215858 -0.226413
1.28487 -0.100273 -0.0417317
1.38313 -0.0509037 -0.232061
1.32544 0.0168738 -0.467824
1.31539 -0.129142 -0.342342
1.34644 -0.126267 -0.643047
1.4536 -0.153875 -0.911851
1.13444 -0.384964 -0.138485
1.15002 -0.446939 -0.325541
1.06158 -0.367676 -0.48356
1.25203 -0.249055 -0.383095
1.25296 -0.275782 -0.684228
1.36244 -0.296523 -0.952712
1373358057
1.16572 -0.179726 0.126853
1.20304 -0.243173 -0.0903986
1.24214 -0.211507 -0.224062
1.27454 -0.10451 -0.0366325
1.38671 -0.0496675 -0.223169
1.32899 0.00927014 -0.464197
1.30924 -0.125544 -0.336672
1.34471 -0.125953 -0.636772
1.4444 -0.152537 -0.908405
1.13154 -0.381836 -0.144165
1.15005 -0.444008 -0.330799
1.07481 -0.357878 -0.491925
1.25324 -0.234137 -0.378779
1.24005 -0.290578 -0.675358
1.36368 -0.29795 -0.938213
1373358057
1.16259 -0.180957 0.126745
1.20384 -0.242844 -0.0938213
1.23914 -0.214103 -0.225679
1.27399 -0.101154 -0.0441582
1.37921 -0.0441391 -0.222221
1.32927 0.017033 -0.456572
1.30162 -0.130466 -0.338296
1.35071 -0.129694 -0.636216
1.44825 -0.152359 -0.908725
1.13369 -0.384534 -0.143484
1.15555 -0.44758 -0.329288
1.07499 -0.364815 -0.489398
1.24726 -0.240258 -0.376779
1.24776 -0.276965 -0.676477
1.35211 -0.291776 -0.946994
1373358057
1.16013 -0.18257 0.125258
1.20496 -0.242803 -0.0957411
1.23812 -0.213584 -0.226969
1.27812 -0.102224 -0.0459484
1.38181 -0.045581 -0.225205
1.33312 0.0114738 -0.459047
1.2995 -0.130161 -0.338999
1.35049 -0.131243 -0.635956
1.44474 -0.15327 -0.909027
1.1318 -0.383383 -0.145534
1.15231 -0.445812 -0.331259
1.05599 -0.355919 -0.477728
1.24308 -0.238566 -0.377395
1.24692 -0.271578 -0.676861
1.34775 -0.291394 -0.947743
1373358057
1.15807 -0.184027 0.123158
1.20339 -0.244717 -0.0965122
1.23602 -0.213203 -0.227634
1.2761 -0.107699 -0.0454904
1.38512 -0.0445314 -0.225499
1.33593 0.0156751 -0.463397
1.29658 -0.129033 -0.339147
1.34991 -0.132883 -0.635254
1.44323 -0.15327 -0.908351
1.13068 -0.381735 -0.147534
1.14735 -0.444203 -0.333345
1.05862 -0.338351 -0.473445
1.2407 -0.234347 -0.378363
1.2496 -0.262658 -0.677791
1.35353 -0.28981 -0.946433
1373358057
1.15629 -0.185174 0.120789
1.20247 -0.246473 -0.0985729
1.24612 -0.221784 -0.234035
1.27629 -0.110802 -0.0500598
1.39235 -0.0406021 -0.230033
1.33435 0.0160242 -0.463086
1.31895 -0.143454 -0.350317
1.34928 -0.128151 -0.649394
1.4467 -0.150542 -0.92101
1.12865 -0.382143 -0.147086
1.14571 -0.436779 -0.312547
1.17371 -0.40881 -0.468567
1.26058 -0.250735 -0.388679
1.25478 -0.256476 -0.689569
1.36321 -0.289235 -0.955911
1373358058
1.15292 -0.186936 0.119017
1.20668 -0.242749 -0.10242
1.24472 -0.217551 -0.23714
1.27992 -0.10216 -0.0554418
1.3939 -0.0347066 -0.231713
1.3337 0.0196307 -0.462491
1.31236 -0.135553 -0.352881
1.36393 -0.13102 -0.649073
1.46621 -0.156327 -0.91831
1.13344 -0.383338 -0.149397
1.14719 -0.435686 -0.315932
1.16859 -0.41485 -0.463815
1.25318 -0.249152 -0.39084
1.24735 -0.249423 -0.691467
1.35611 -0.281283 -0.957449
1373358058
1.15193 -0.18895 0.117551
1.20545 -0.243697 -0.100863
1.23818 -0.214926 -0.235752
1.28585 -0.109121 -0.0526562
1.40188 -0.0384622 -0.231007
1.34613 0.0142924 -0.466134
1.30369 -0.131261 -0.350978
1.35581 -0.127395 -0.646951
1.45763 -0.154074 -0.91609
1.12506 -0.378272 -0.14907
1.13044 -0.429285 -0.338771
1.0563 -0.346917 -0.501058
1.23811 -0.241048 -0.390305
1.25514 -0.241142 -0.690373
1.36605 -0.283246 -0.953891
1373358058
1.1498 -0.192414 0.114586
1.20097 -0.244501 -0.101557
1.23192 -0.225705 -0.244934
1.27685 -0.109569 -0.0674868
1.40246 -0.0357987 -0.247058
1.3503 0.0177809 -0.477168
1.30609 -0.130064 -0.368906
1.35953 -0.12828 -0.66475
1.4609 -0.154809 -0.934164
1.12509 -0.379434 -0.135628
1.14726 -0.433753 -0.323239
1.07611 -0.332656 -0.476073
1.21967 -0.283754 -0.407713
1.27115 -0.240093 -0.700674
1.38047 -0.273752 -0.966153
1373358058
1.14767 -0.197404 0.110839
1.20396 -0.246926 -0.104478
1.23706 -0.230285 -0.247263
1.27577 -0.113151 -0.0722376
1.38851 -0.0372454 -0.240968
1.34881 0.0225107 -0.469959
1.31348 -0.132968 -0.370604
1.36818 -0.129773 -0.6662
1.46912 -0.157231 -0.935679
1.13215 -0.380701 -0.136719
1.15878 -0.43472 -0.323832
1.07124 -0.332577 -0.467152
1.22687 -0.29432 -0.409491
1.26593 -0.249454 -0.704179
1.39128 -0.263902 -0.964254
1373358058
1.14255 -0.204456 0.106767
1.20636 -0.247817 -0.106403
1.2388 -0.233304 -0.248347
1.27937 -0.116362 -0.0762796
1.39448 -0.0364569 -0.24019
1.35339 0.0227378 -0.47705
1.31747 -0.135536 -0.371212
1.39155 -0.113556 -0.661571
1.4704 -0.153103 -0.936684
1.13335 -0.379273 -0.136527
1.15213 -0.433744 -0.324346
1.07296 -0.330844 -0.47179
1.22499 -0.302047 -0.409369
1.27585 -0.254102 -0.701592
1.3993 -0.270837 -0.96226
1373358058
1.13888 -0.211236 0.103524
1.21079 -0.246888 -0.107428
1.24341 -0.230289 -0.247429
1.28354 -0.118037 -0.0752024
1.39748 -0.0386371 -0.237727
1.35609 0.0234884 -0.471478
1.32062 -0.134717 -0.367678
1.38647 -0.116135 -0.660199
1.46527 -0.15904 -0.934772
1.13804 -0.375738 -0.139654
1.15724 -0.424563 -0.310132
1.17022 -0.405988 -0.45149
1.23144 -0.292665 -0.407182
1.248 -0.27549 -0.706649
1.3829 -0.277264 -0.962067
1373358058
1.13736 -0.216263 0.10004
1.21415 -0.246838 -0.109137
1.24344 -0.224189 -0.247583
1.29103 -0.122832 -0.072585
1.41218 -0.0348712 -0.237714
1.35768 0.0239163 -0.474331
1.31547 -0.132604 -0.365709
1.37794 -0.114964 -0.65888
1.4597 -0.159797 -0.93213
1.13726 -0.370844 -0.145689
1.15567 -0.425683 -0.333305
1.05223 -0.328284 -0.468801
1.22998 -0.270478 -0.406348
1.24697 -0.271005 -0.706139
1.37226 -0.284974 -0.965885
1373358058
1.13963 -0.219772 0.0973664
1.21759 -0.247495 -0.109683
1.24104 -0.233785 -0.246899
1.30361 -0.128776 -0.0831237
1.4191 -0.041587 -0.247059
1.36776 0.0174025 -0.485352
1.29684 -0.175418 -0.374124
1.36979 -0.102788 -0.655985
1.45776 -0.14398 -0.927674
1.13158 -0.366213 -0.136243
1.14632 -0.416779 -0.305519
1.16507 -0.392611 -0.450135
1.23213 -0.264731 -0.394105
1.25041 -0.268605 -0.693594
1.35787 -0.300032 -0.959515
1373358058
1.14061 -0.221565 0.0989644
1.2202 -0.24828 -0.109586
1.25182 -0.243588 -0.252448
1.29104 -0.120152 -0.0896982
1.38165 -0.0353576 -0.248804
1.35504 0.0281933 -0.492252
1.31604 -0.179924 -0.386158
1.39173 -0.11152 -0.668065
1.47379 -0.15493 -0.940976
1.14936 -0.376408 -0.129473
1.16319 -0.425552 -0.298588
1.17838 -0.407511 -0.44327
1.25083 -0.297869 -0.404465
1.21294 -0.276121 -0.649229
1.35823 -0.282224 -0.884838
1373358058
1.14121 -0.223685 0.0986959
1.22238 -0.249478 -0.11009
1.25159 -0.236616 -0.252605
1.29238 -0.121254 -0.084166
1.39141 -0.0326807 -0.246677
1.35343 0.0268644 -0.489147
1.32865 -0.136128 -0.377405
1.39521 -0.120279 -0.669004
1.4659 -0.16908 -0.943896
1.15237 -0.377703 -0.136014
1.1651 -0.432305 -0.323656
1.07751 -0.336936 -0.470575
1.23297 -0.311379 -0.412837
1.22723 -0.257753 -0.70746
1.37311 -0.272981 -0.955313
1373358059
1.14092 -0.224325 0.0986824
1.22472 -0.249486 -0.109969
1.25621 -0.229245 -0.252089
1.29606 -0.121948 -0.0759914
1.39087 -0.0321478 -0.239738
1.35271 0.0266112 -0.477564
1.34529 -0.106082 -0.366791
1.40971 -0.123695 -0.658801
1.47049 -0.175383 -0.935559
1.15337 -0.377024 -0.143946
1.16399 -0.432225 -0.331566
1.06631 -0.34703 -0.478408
1.23014 -0.311925 -0.421629
1.24097 -0.242374 -0.712792
1.38223 -0.267309 -0.96256
1373358059
1.13986 -0.224577 0.100576
1.22483 -0.250023 -0.108694
1.25312 -0.233626 -0.248603
1.29491 -0.121301 -0.0794401
1.39643 -0.0469814 -0.215347
1.357 0.0275364 -0.483169
1.33295 -0.12255 -0.366994
1.41763 -0.11977 -0.654167
1.47868 -0.171348 -0.930749
1.15476 -0.378745 -0.137949
1.16188 -0.433387 -0.325803
1.06786 -0.349941 -0.475878
1.22986 -0.311906 -0.410029
1.22871 -0.273362 -0.706947
1.37363 -0.274144 -0.955707
1373358059
1.14008 -0.223597 0.104546
1.22468 -0.24992 -0.108369
1.25333 -0.221801 -0.249989
1.30021 -0.127197 -0.0687219
1.38274 -0.0475224 -0.210606
1.36451 0.0222545 -0.471679
1.33005 -0.115566 -0.366374
1.41881 -0.110728 -0.652098
1.4683 -0.168735 -0.929532
1.14914 -0.372644 -0.148015
1.15874 -0.429194 -0.33507
1.06805 -0.35642 -0.492421
1.23389 -0.271799 -0.416846
1.22578 -0.299692 -0.714663
1.39058 -0.276516 -0.949366
1373358059
1.13904 -0.221756 0.106945
1.22272 -0.250955 -0.10917
1.25623 -0.221889 -0.245525
1.29171 -0.126541 -0.0656961
1.38737 -0.0514388 -0.223253
1.35648 0.0228057 -0.468203
1.33125 -0.11797 -0.355724
1.42794 -0.10674 -0.637959
1.46234 -0.176437 -0.914304
1.15373 -0.375369 -0.152644
1.16608 -0.429877 -0.339678
1.07733 -0.361291 -0.499444
1.24823 -0.267678 -0.408036
1.24437 -0.288491 -0.705835
1.39597 -0.270695 -0.948961
1373358059
1.1381 -0.219953 0.108256
1.22108 -0.250071 -0.109606
1.25657 -0.222694 -0.246876
1.29074 -0.125576 -0.0667678
1.38788 -0.0453463 -0.222315
1.35525 0.0213177 -0.470761
1.33382 -0.12068 -0.358464
1.42221 -0.103474 -0.656413
1.46585 -0.18139 -0.942067
1.15142 -0.374567 -0.152443
1.16454 -0.422559 -0.318739
1.18049 -0.409261 -0.464679
1.25029 -0.269955 -0.409828
1.25416 -0.261982 -0.720962
1.4057 -0.274577 -0.978741
1373358059
1.13924 -0.217957 0.108825
1.21857 -0.24778 -0.109206
1.25313 -0.2252 -0.249431
1.28799 -0.120414 -0.0715851
1.38877 -0.0380689 -0.245445
1.35529 0.0170919 -0.477731
1.32552 -0.133226 -0.369159
1.4277 -0.105022 -0.663805
1.47598 -0.183376 -0.950486
1.14915 -0.375146 -0.146827
1.16688 -0.423735 -0.313349
1.1775 -0.409864 -0.457913
1.24988 -0.272015 -0.410154
1.24648 -0.270991 -0.723268
1.38947 -0.26602 -0.988189
1373358059
1.14084 -0.215424 0.10964
1.21798 -0.245976 -0.108177
1.25134 -0.228389 -0.250458
1.28774 -0.115434 -0.0756826
1.39446 -0.030237 -0.250114
1.35401 0.0185081 -0.484405
1.32846 -0.128933 -0.37236
1.42418 -0.115026 -0.670341
1.47622 -0.185205 -0.958632
1.14822 -0.376519 -0.140671
1.16064 -0.424513 -0.309651
1.17509 -0.415211 -0.452566
1.24096 -0.292672 -0.413117
1.23621 -0.289283 -0.726351
1.38785 -0.26455 -0.98546
1373358059
1.14007 -0.212509 0.110994
1.21262 -0.241925 -0.105697
1.25278 -0.212868 -0.246513
1.27761 -0.110583 -0.0600606
1.39695 -0.032763 -0.239328
1.34599 0.029539 -0.476688
1.32138 -0.126342 -0.36736
1.41551 -0.119501 -0.666859
1.4719 -0.180773 -0.957091
1.14763 -0.373268 -0.151334
1.1466 -0.426662 -0.320919
1.17654 -0.404069 -0.463905
1.2645 -0.241281 -0.407297
1.23253 -0.323524 -0.708663
1.37234 -0.28383 -0.973327
1373358059
1.13907 -0.210599 0.111844
1.2098 -0.241832 -0.106515
1.24967 -0.213442 -0.248299
1.27466 -0.112232 -0.062333
1.40001 -0.0288905 -0.241983
1.34549 0.0216706 -0.484109
1.32104 -0.122078 -0.368615
1.44796 -0.0728576 -0.651951
1.48195 -0.156873 -0.940297
1.14495 -0.371433 -0.150697
1.15879 -0.431754 -0.34669
1.04804 -0.361104 -0.504757
1.25801 -0.248027 -0.411553
1.22931 -0.35017 -0.707449
1.36414 -0.297809 -0.972845
1373358059
1.13796 -0.209011 0.112958
1.21304 -0.243149 -0.104516
1.24806 -0.218391 -0.246736
1.27537 -0.112201 -0.0663747
1.39684 -0.0249181 -0.245391
1.34165 0.0259214 -0.486263
1.31627 -0.123891 -0.368643
1.44962 -0.0806009 -0.650972
1.48307 -0.163553 -0.940571
1.15072 -0.374096 -0.142658
1.17033 -0.433771 -0.338958
1.04557 -0.357929 -0.484425
1.24989 -0.263374 -0.40927
1.2045 -0.347598 -0.70962
1.3454 -0.290973 -0.971932
1373358060
1.13772 -0.207873 0.114615
1.21229 -0.241294 -0.104514
1.24202 -0.208749 -0.240762
1.27149 -0.109804 -0.0601894
1.39726 -0.0215635 -0.240541
1.33685 0.0241837 -0.479167
1.30162 -0.109836 -0.354637
1.43094 -0.0833534 -0.640995
1.47676 -0.165286 -0.929283
1.15309 -0.372783 -0.148838
1.15637 -0.425388 -0.348155
1.0584 -0.331415 -0.503319
1.24186 -0.242572 -0.399382
1.21857 -0.341964 -0.697714
1.34824 -0.284486 -0.965674
1373358060
1.13544 -0.206631 0.116266
1.20822 -0.237845 -0.103974
1.24006 -0.209731 -0.241436
1.26508 -0.102242 -0.063074
1.39875 -0.019606 -0.245651
1.33571 0.0279588 -0.482168
1.30343 -0.106374 -0.356204
1.41505 -0.0913728 -0.650721
1.48157 -0.161807 -0.938013
1.15137 -0.373448 -0.144874
1.15037 -0.425339 -0.344402
1.0786 -0.316434 -0.504066
1.24034 -0.256859 -0.401593
1.22156 -0.339116 -0.705409
1.34987 -0.275536 -0.972651
1373358060
1.13196 -0.20475 0.117569
1.20778 -0.238352 -0.104154
1.2394 -0.211024 -0.243365
1.26574 -0.102917 -0.0644053
1.3951 -0.0201415 -0.246561
1.33521 0.0252269 -0.481844
1.30149 -0.112484 -0.361677
1.40758 -0.0979907 -0.659716
1.47386 -0.168513 -0.948437
1.14983 -0.373787 -0.143902
1.15554 -0.429097 -0.343364
1.08373 -0.310993 -0.497543
1.24054 -0.254909 -0.403477
1.24887 -0.312235 -0.714824
1.36323 -0.263471 -0.992799
1373358060
1.13114 -0.2032 0.117998
1.20758 -0.239141 -0.103963
1.23118 -0.221677 -0.250404
1.26465 -0.0999487 -0.0781654
1.3952 -0.0143057 -0.259829
1.3323 0.0348674 -0.497403
1.29051 -0.117075 -0.380694
1.4161 -0.0930652 -0.670438
1.48188 -0.167697 -0.958247
1.15051 -0.378333 -0.129761
1.15233 -0.433692 -0.329289
1.14994 -0.314667 -0.498719
1.21906 -0.291352 -0.412995
1.25315 -0.310744 -0.727256
1.36445 -0.255359 -1.00524
1373358060
1.12769 -0.202061 0.118414
1.20358 -0.238751 -0.105224
1.2255 -0.226224 -0.253217
1.26356 -0.100718 -0.0846542
1.39944 -0.011555 -0.26412
1.33483 0.0336294 -0.504047
1.28267 -0.132591 -0.389122
1.39564 -0.0985273 -0.683126
1.48052 -0.164565 -0.96812
1.1436 -0.376783 -0.125795
1.15033 -0.433764 -0.324825
1.12225 -0.299719 -0.480223
1.21218 -0.294803 -0.413296
1.24519 -0.311337 -0.727932
1.37133 -0.257431 -0.99991
1373358060
1.12429 -0.199578 0.119428
1.20226 -0.235639 -0.106411
1.22905 -0.222982 -0.251463
1.26177 -0.0955294 -0.083192
1.40085 -0.0105871 -0.264563
1.33378 0.0306392 -0.500409
1.28691 -0.137192 -0.384395
1.38405 -0.105224 -0.684857
1.47913 -0.166938 -0.968205
1.14275 -0.375748 -0.129629
1.16504 -0.436512 -0.326801
1.08193 -0.278202 -0.432147
1.22478 -0.283456 -0.408634
1.22308 -0.312587 -0.724679
1.36887 -0.261947 -0.98796
1373358060
1.12216 -0.197715 0.120869
1.20236 -0.233087 -0.107896
1.22768 -0.220367 -0.253058
1.26301 -0.0923833 -0.0849887
1.40396 -0.00863803 -0.271167
1.33346 0.0343192 -0.495867
1.28632 -0.130336 -0.385634
1.37407 -0.111248 -0.690769
1.47268 -0.16695 -0.974871
1.14171 -0.373791 -0.130803
1.16379 -0.435426 -0.328203
1.03953 -0.270277 -0.351398
1.21967 -0.284958 -0.410807
1.23315 -0.309023 -0.727686
1.37455 -0.263705 -0.99507
1373358060
1.1213 -0.196259 0.11992
1.19997 -0.233207 -0.10954
1.22879 -0.22052 -0.256243
1.25984 -0.0944625 -0.0857804
1.40488 -0.00978672 -0.268907
1.33694 0.027277 -0.494744
1.29035 -0.131942 -0.38995
1.36531 -0.114543 -0.69862
1.47127 -0.168242 -0.980492
1.1401 -0.371952 -0.1333
1.16077 -0.433819 -0.330808
1.03816 -0.275792 -0.387906
1.22486 -0.283722 -0.415943
1.23925 -0.306857 -0.732891
1.37192 -0.270298 -1.00607
1373358060
1.12012 -0.195405 0.119364
1.20044 -0.234075 -0.109796
1.22925 -0.221509 -0.25762
1.26111 -0.0957761 -0.0862199
1.40199 -0.00993862 -0.270428
1.33228 0.0271634 -0.492038
1.29083 -0.134203 -0.392703
1.3651 -0.112319 -0.701771
1.47024 -0.169313 -0.983827
1.13978 -0.372375 -0.133373
1.15356 -0.433877 -0.331937
1.07372 -0.269745 -0.432368
1.22527 -0.283684 -0.418186
1.24466 -0.30466 -0.735519
1.37585 -0.277634 -1.01105
1373358060
1.11843 -0.193524 0.119607
1.19695 -0.235875 -0.108551
1.22604 -0.223806 -0.256297
1.25509 -0.0995752 -0.0859711
1.40055 -0.0117632 -0.269811
1.33329 0.0264522 -0.49333
1.28728 -0.136343 -0.391552
1.36078 -0.115538 -0.700983
1.45851 -0.155818 -0.988637
1.13881 -0.372175 -0.131132
1.15232 -0.430999 -0.330594
1.08923 -0.285315 -0.465586
1.22296 -0.287131 -0.416533
1.26193 -0.294897 -0.732766
1.38293 -0.28155 -1.01401
1373358061
1.1162 -0.193399 0.12123
1.19469 -0.235167 -0.105295
1.22334 -0.222435 -0.252185
1.25106 -0.0993666 -0.0825294
1.39863 -0.0138005 -0.26899
1.33372 0.0215735 -0.485194
1.28441 -0.131595 -0.385983
1.35987 -0.118089 -0.695465
1.45328 -0.156452 -0.984928
1.13832 -0.370968 -0.12806
1.15248 -0.429111 -0.327755
1.06257 -0.296187 -0.460823
1.21957 -0.28781 -0.41217
1.25371 -0.266309 -0.728442
1.37024 -0.276316 -1.01182
1373358061
1.11676 -0.19231 0.123179
1.19415 -0.234216 -0.104337
1.22216 -0.218194 -0.249158
1.25205 -0.0993764 -0.0782178
1.40034 -0.0170595 -0.264868
1.33807 0.0182845 -0.48572
1.28256 -0.126757 -0.37937
1.35743 -0.118739 -0.689175
1.44673 -0.157402 -0.979882
1.13624 -0.369056 -0.130457
1.15325 -0.426621 -0.33009
1.04693 -0.307562 -0.464174
1.21779 -0.277586 -0.408587
1.26133 -0.257884 -0.723809
1.36747 -0.26991 -1.01116
1373358061
1.11745 -0.191227 0.124258
1.1949 -0.234479 -0.104367
1.22364 -0.215603 -0.247996
1.25407 -0.0996774 -0.0748069
1.40088 -0.0192214 -0.264214
1.3398 0.0228357 -0.493318
1.28476 -0.122988 -0.375456
1.36697 -0.114841 -0.683748
1.4433 -0.157183 -0.977966
1.13572 -0.369281 -0.133927
1.15417 -0.425918 -0.333932
1.0446 -0.320363 -0.476771
1.22003 -0.270466 -0.407795
1.24895 -0.241371 -0.724316
1.36138 -0.265563 -1.00885
1373358061
1.11858 -0.190052 0.125227
1.20029 -0.234399 -0.103862
1.22982 -0.213849 -0.246878
1.26419 -0.0986447 -0.0711627
1.40507 -0.0206638 -0.263214
1.33937 0.0220237 -0.488903
1.29228 -0.123342 -0.373043
1.36366 -0.116411 -0.684056
1.43428 -0.158882 -0.979686
1.1364 -0.370153 -0.136562
1.15831 -0.420194 -0.312794
1.16205 -0.406624 -0.445566
1.22642 -0.263256 -0.406744
1.23877 -0.236687 -0.724573
1.35556 -0.263146 -1.00714
1373358061
1.11975 -0.189072 0.124867
1.20316 -0.235164 -0.104829
1.23092 -0.215428 -0.248854
1.27038 -0.0985705 -0.0731528
1.40788 -0.0213517 -0.263434
1.33983 0.0257199 -0.492119
1.29369 -0.124564 -0.376385
1.35997 -0.11718 -0.689804
1.43212 -0.157821 -0.986581
1.13594 -0.371758 -0.136505
1.15932 -0.428364 -0.336871
1.04336 -0.342877 -0.488999
1.22368 -0.266819 -0.409373
1.23362 -0.233313 -0.7279
1.35195 -0.259343 -1.01119
1373358061
1.12384 -0.186858 0.125303
1.20564 -0.237381 -0.106663
1.23052 -0.221098 -0.253104
1.27643 -0.100332 -0.0793961
1.4099 -0.0244806 -0.268341
1.34416 0.0168772 -0.489926
1.29563 -0.126932 -0.38405
1.36227 -0.120444 -0.698405
1.44011 -0.163696 -0.994344
1.13485 -0.374429 -0.13393
1.16272 -0.43094 -0.334412
1.04369 -0.34118 -0.482529
1.21517 -0.282697 -0.41504
1.23408 -0.230207 -0.731568
1.34154 -0.24812 -1.02077
1373358061
1.12691 -0.18476 0.125817
1.20412 -0.238296 -0.106623
1.231 -0.220475 -0.251552
1.2728 -0.100339 -0.0769203
1.40837 -0.0240566 -0.265322
1.34376 0.0185583 -0.496275
1.29625 -0.125595 -0.379891
1.37921 -0.113894 -0.691071
1.44464 -0.159599 -0.990484
1.13544 -0.376254 -0.136325
1.16398 -0.431931 -0.337531
1.04864 -0.333473 -0.483818
1.21952 -0.279713 -0.413073
1.24092 -0.24308 -0.73253
1.33446 -0.252959 -1.02778
1373358061
1.1301 -0.182768 0.127024
1.20942 -0.237717 -0.106299
1.23825 -0.219235 -0.251257
1.27948 -0.0970076 -0.074423
1.40562 -0.0207286 -0.264856
1.34228 0.0181298 -0.487621
1.30586 -0.122874 -0.378574
1.39388 -0.102765 -0.687902
1.44082 -0.155272 -0.989635
1.13935 -0.378426 -0.138174
1.15988 -0.43234 -0.340815
1.06075 -0.327219 -0.494159
1.2283 -0.27863 -0.413858
1.2434 -0.244503 -0.733927
1.32423 -0.253208 -1.03291
1373358061
1.1317 -0.182091 0.126662
1.21272 -0.236018 -0.108156
1.24194 -0.215516 -0.251361
1.28806 -0.0952007 -0.0726228
1.4135 -0.0206444 -0.259357
1.34387 0.0174951 -0.480754
1.30944 -0.123458 -0.376509
1.38536 -0.11117 -0.691117
1.43904 -0.152182 -0.995117
1.13737 -0.376836 -0.143689
1.15903 -0.431064 -0.347241
1.05324 -0.327588 -0.498712
1.23287 -0.266571 -0.412622
1.24831 -0.23865 -0.734918
1.33071 -0.255032 -1.03479
1373358061
1.13552 -0.182398 0.127491
1.21478 -0.235407 -0.108221
1.24275 -0.209834 -0.247139
1.29813 -0.0986861 -0.0662733
1.42545 -0.0280163 -0.255063
1.35312 0.00893055 -0.472018
1.30875 -0.121874 -0.366916
1.37318 -0.108912 -0.685573
1.44178 -0.147822 -0.98832
1.13143 -0.372127 -0.150168
1.15142 -0.425698 -0.355078
1.05624 -0.315581 -0.510231
1.23268 -0.246649 -0.405198
1.26248 -0.242983 -0.729174
1.34776 -0.256077 -1.02989
1373358062
1.13765 -0.182614 0.127724
1.22015 -0.234184 -0.108085
1.24826 -0.208685 -0.244929
1.30967 -0.098888 -0.0644825
1.43213 -0.0313643 -0.25415
1.35615 0.00765628 -0.470813
1.31883 -0.119013 -0.361092
1.37182 -0.106026 -0.683437
1.45455 -0.158333 -0.982167
1.13062 -0.36948 -0.151688
1.14343 -0.427037 -0.357156
1.05138 -0.310092 -0.5106
1.23391 -0.247358 -0.402455
1.26281 -0.239217 -0.728002
1.34216 -0.253726 -1.03183
1373358062
1.14082 -0.181393 0.128297
1.22043 -0.235721 -0.107453
1.24737 -0.209267 -0.24456
1.30807 -0.0994771 -0.0639459
1.43017 -0.029271 -0.258235
1.35198 0.0071752 -0.473569
1.31404 -0.121041 -0.361942
1.38219 -0.106321 -0.683494
1.47063 -0.172767 -0.979895
1.13279 -0.371965 -0.15096
1.13831 -0.430257 -0.357969
1.10545 -0.296024 -0.522841
1.23458 -0.244584 -0.401393
1.25443 -0.236057 -0.729707
1.3334 -0.2523 -1.03563
1373358062
1.1435 -0.180903 0.12713
1.22191 -0.235466 -0.107115
1.2473 -0.208494 -0.24329
1.30594 -0.0951704 -0.0636664
1.42581 -0.0263745 -0.257098
1.34559 0.015569 -0.476368
1.31028 -0.118728 -0.360018
1.38967 -0.110744 -0.680062
1.4746 -0.174172 -0.978979
1.13789 -0.375761 -0.150563
1.14203 -0.434554 -0.358018
1.1258 -0.296439 -0.522857
1.23507 -0.244317 -0.398912
1.2584 -0.231587 -0.72768
1.34756 -0.257992 -1.03089
1373358062
1.14576 -0.179709 0.127906
1.22423 -0.237698 -0.10715
1.25257 -0.211708 -0.246079
1.31439 -0.101542 -0.0632868
1.43346 -0.0289915 -0.257047
1.35308 0.00718117 -0.478438
1.32046 -0.125991 -0.365766
1.37886 -0.118348 -0.690284
1.46585 -0.173838 -0.990162
1.13407 -0.373854 -0.151013
1.12907 -0.43166 -0.358712
1.09239 -0.294087 -0.52068
1.24136 -0.245445 -0.404249
1.27124 -0.241313 -0.732685
1.36293 -0.265788 -1.03529
1373358062
1.14953 -0.179629 0.129811
1.22304 -0.238692 -0.106355
1.25139 -0.211617 -0.243932
1.30947 -0.100027 -0.0612534
1.42943 -0.0294467 -0.255868
1.34954 0.0132519 -0.477219
1.31639 -0.12575 -0.362388
1.37802 -0.124176 -0.687723
1.47299 -0.182337 -0.985999
1.1366 -0.377357 -0.151456
1.13063 -0.432184 -0.360818
1.10104 -0.283864 -0.515736
1.24309 -0.243333 -0.400632
1.27441 -0.241774 -0.730269
1.36447 -0.265725 -1.03471
1373358062
1.15231 -0.179427 0.130441
1.22346 -0.239982 -0.10661
1.253 -0.212152 -0.243837
1.31032 -0.102829 -0.0601012
1.43083 -0.0296415 -0.253398
1.35246 0.0096054 -0.470113
1.3193 -0.126258 -0.361375
1.38613 -0.120283 -0.686626
1.4796 -0.18653 -0.984691
1.13661 -0.377135 -0.153119
1.12769 -0.432752 -0.362828
1.07562 -0.28638 -0.514531
1.24576 -0.242384 -0.400753
1.27597 -0.242855 -0.731475
1.37859 -0.266217 -1.03296
1373358062
1.15372 -0.178399 0.130648
1.22196 -0.240975 -0.106939
1.25406 -0.212444 -0.243632
1.30812 -0.105157 -0.058359
1.42883 -0.0311771 -0.250831
1.35386 0.0130385 -0.473264
1.32344 -0.125144 -0.359304
1.39008 -0.119244 -0.685326
1.48599 -0.182004 -0.984113
1.13581 -0.376794 -0.15552
1.13856 -0.433569 -0.365575
1.06373 -0.297446 -0.517975
1.24889 -0.242681 -0.401345
1.27732 -0.241247 -0.732941
1.38331 -0.26666 -1.03382
1373358062
1.15491 -0.17797 0.131194
1.22312 -0.242042 -0.106525
1.25472 -0.212456 -0.242735
1.3105 -0.106827 -0.0568827
1.42896 -0.0312441 -0.251203
1.35389 0.00717472 -0.475989
1.32429 -0.124112 -0.357372
1.37828 -0.122671 -0.686448
1.47865 -0.176941 -0.986114
1.13574 -0.377256 -0.156167
1.1316 -0.434604 -0.366493
1.06221 -0.305602 -0.528006
1.24835 -0.241627 -0.400516
1.28187 -0.243681 -0.7323
1.38751 -0.271757 -1.03374
1373358062
1.15628 -0.177771 0.131245
1.22397 -0.241443 -0.106294
1.2546 -0.212749 -0.242761
1.31244 -0.105958 -0.0579448
1.42974 -0.0319603 -0.254201
1.3554 0.0132167 -0.478666
1.32344 -0.125548 -0.35835
1.37507 -0.124362 -0.68781
1.47788 -0.171993 -0.987783
1.13549 -0.376928 -0.154644
1.1327 -0.432618 -0.365441
1.05697 -0.317587 -0.53449
1.24703 -0.242561 -0.400107
1.28406 -0.242829 -0.731529
1.38791 -0.273229 -1.03338
1373358062
1.15837 -0.177178 0.131379
1.22409 -0.242008 -0.1072
1.25376 -0.213298 -0.242988
1.31147 -0.10623 -0.0593976
1.43363 -0.0301598 -0.258074
1.35665 0.00895455 -0.477474
1.32085 -0.12645 -0.358308
1.38234 -0.125208 -0.687505
1.49418 -0.162 -0.987221
1.13671 -0.377787 -0.155002
1.13495 -0.432342 -0.367058
1.05616 -0.330927 -0.544411
1.24602 -0.242724 -0.399244
1.28331 -0.242467 -0.732054
1.38909 -0.275526 -1.03439
1373358063
1.16095 -0.176955 0.130911
1.22518 -0.241786 -0.107005
1.25235 -0.21295 -0.243079
1.31163 -0.104973 -0.0607521
1.43248 -0.0266534 -0.261959
1.35356 0.0107512 -0.485169
1.3162 -0.126068 -0.359529
1.38823 -0.124437 -0.688657
1.48799 -0.153622 -0.995494
1.13873 -0.3786 -0.153259
1.15099 -0.420739 -0.32776
1.17684 -0.410955 -0.466227
1.24284 -0.24216 -0.398777
1.28213 -0.239225 -0.733387
1.38929 -0.272903 -1.03726
1373358063
1.1618 -0.176365 0.132071
1.22656 -0.242631 -0.106785
1.25473 -0.213715 -0.242473
1.31189 -0.106225 -0.0600036
1.4346 -0.0270691 -0.263024
1.35373 0.00923199 -0.490212
1.31977 -0.125844 -0.357941
1.38753 -0.124226 -0.688322
1.50055 -0.157181 -0.990487
1.14123 -0.379037 -0.153566
1.14777 -0.429945 -0.368026
1.03855 -0.347643 -0.541016
1.24601 -0.243756 -0.39838
1.28165 -0.238186 -0.733706
1.37995 -0.271027 -1.04099
1373358063
1.16291 -0.175469 0.133103
1.22681 -0.242591 -0.106173
1.25509 -0.213946 -0.242302
1.31168 -0.105419 -0.0596709
1.43053 -0.0286796 -0.264302
1.35529 0.00753837 -0.488093
1.32059 -0.125163 -0.358044
1.38566 -0.125705 -0.689059
1.50922 -0.163449 -0.986594
1.14193 -0.379763 -0.152675
1.1507 -0.429366 -0.367422
1.02862 -0.349922 -0.533074
1.24617 -0.245439 -0.398818
1.28054 -0.236313 -0.734289
1.37995 -0.267109 -1.04152
1373358063
1.16189 -0.174449 0.133492
1.22803 -0.241544 -0.107216
1.2557 -0.213017 -0.243232
1.31151 -0.102824 -0.0611367
1.42674 -0.0293885 -0.264704
1.35403 0.0108644 -0.485441
1.31923 -0.124902 -0.359455
1.38028 -0.128111 -0.692472
1.50608 -0.169985 -0.98981
1.14454 -0.380263 -0.153295
1.15207 -0.431853 -0.368449
1.0195 -0.345777 -0.52345
1.24751 -0.24408 -0.399042
1.27452 -0.241632 -0.736535
1.38115 -0.271999 -1.04264
1373358063
1.16195 -0.174011 0.133281
1.22974 -0.240941 -0.108197
1.25684 -0.212622 -0.24427
1.31345 -0.10104 -0.0624162
1.42816 -0.028959 -0.266856
1.35397 0.0109431 -0.48574
1.31961 -0.124655 -0.360822
1.3767 -0.127504 -0.695191
1.51568 -0.161818 -0.988267
1.14604 -0.380842 -0.153979
1.14894 -0.431377 -0.369922
1.01645 -0.339749 -0.522381
1.24824 -0.24395 -0.399861
1.27263 -0.240557 -0.738184
1.38319 -0.272898 -1.04334
1373358063
1.16156 -0.173201 0.132793
1.23118 -0.24192 -0.108777
1.25745 -0.213236 -0.24535
1.31507 -0.102271 -0.0633134
1.4264 -0.0292092 -0.264879
1.35248 0.0125775 -0.483472
1.31997 -0.124203 -0.362277
1.37767 -0.127848 -0.697498
1.51108 -0.159675 -0.994445
1.1473 -0.38157 -0.154241
1.1511 -0.430019 -0.371287
1.03766 -0.330808 -0.534869
1.24746 -0.244899 -0.40157
1.26492 -0.235976 -0.741177
1.38386 -0.273531 -1.04355
1373358063
1.16137 -0.173196 0.132139
1.23328 -0.243061 -0.108797
1.25963 -0.214498 -0.247981
1.31417 -0.101704 -0.0644768
1.41962 -0.0263257 -0.264076
1.35053 0.0110265 -0.484599
1.32178 -0.123362 -0.367546
1.38262 -0.136863 -0.703071
1.51156 -0.164836 -1.00351
1.1524 -0.384418 -0.153116
1.15381 -0.430908 -0.371349
1.06446 -0.31293 -0.53834
1.25018 -0.248508 -0.406783
1.25322 -0.231711 -0.747619
1.38823 -0.27712 -1.04323
1373358063
1.16214 -0.173392 0.133437
1.23443 -0.243663 -0.109904
1.26069 -0.21602 -0.249689
1.31179 -0.0998327 -0.0669332
1.4215 -0.0227547 -0.266398
1.34734 0.0138378 -0.486679
1.32119 -0.124687 -0.370446
1.3877 -0.131269 -0.705146
1.5107 -0.161781 -1.00787
1.15708 -0.387494 -0.152875
1.15656 -0.435277 -0.37086
1.09226 -0.309559 -0.543664
1.25269 -0.252067 -0.408503
1.24986 -0.228966 -0.749015
1.37979 -0.271951 -1.0473
1373358063
1.16276 -0.172957 0.134372
1.23448 -0.24392 -0.110249
1.25974 -0.215809 -0.24943
1.31508 -0.10144 -0.0668482
1.42236 -0.0269917 -0.26801
1.35231 0.0123041 -0.484311
1.31991 -0.125968 -0.369806
1.38602 -0.131128 -0.705726
1.51057 -0.164826 -1.00863
1.15389 -0.3864 -0.15365
1.16796 -0.44185 -0.370097
1.06666 -0.340054 -0.541845
1.25007 -0.249426 -0.407413
1.25468 -0.23961 -0.749645
1.37397 -0.26944 -1.05505
1373358063
1.1636 -0.172408 0.134869
1.23455 -0.243616 -0.109022
1.26062 -0.2167 -0.248982
1.31717 -0.10196 -0.0663929
1.42774 -0.0272397 -0.272572
1.35235 0.0136726 -0.486097
1.32302 -0.127489 -0.370194
1.38496 -0.132423 -0.708624
1.51477 -0.173455 -1.01017
1.15194 -0.385272 -0.151651
1.16888 -0.440338 -0.36913
1.04781 -0.350754 -0.536264
1.25036 -0.252079 -0.407688
1.26273 -0.241648 -0.751395
1.36988 -0.267942 -1.06331
1373358064
1.16497 -0.172495 0.134512
1.23575 -0.241707 -0.107815
1.26238 -0.214934 -0.249042
1.32173 -0.102448 -0.0652028
1.43025 -0.0277402 -0.273416
1.3568 0.0128365 -0.493895
1.32717 -0.126358 -0.371357
1.38821 -0.128387 -0.712404
1.50603 -0.155422 -1.02284
1.14977 -0.380966 -0.150428
1.15326 -0.435916 -0.370174
1.0301 -0.332322 -0.529608
1.25086 -0.249965 -0.40918
1.27434 -0.246445 -0.754837
1.37116 -0.269434 -1.07277
1373358064
1.16491 -0.172313 0.133641
1.23741 -0.240463 -0.107676
1.26274 -0.213013 -0.248439
1.32679 -0.101958 -0.0645799
1.43194 -0.0275156 -0.274072
1.35694 0.0112811 -0.480368
1.3264 -0.126175 -0.370722
1.39115 -0.124739 -0.712119
1.49376 -0.148058 -1.02924
1.14803 -0.378968 -0.150773
1.15262 -0.429812 -0.372166
1.01159 -0.327143 -0.517737
1.24975 -0.24495 -0.40768
1.27755 -0.249499 -0.754023
1.37584 -0.273684 -1.07244
1373358064
1.16512 -0.172569 0.133104
1.23641 -0.239595 -0.106524
1.26078 -0.211818 -0.247656
1.32939 -0.103863 -0.063754
1.43328 -0.0242651 -0.280729
1.3591 0.00511859 -0.486245
1.32676 -0.123298 -0.369648
1.40136 -0.112915 -0.709923
1.48898 -0.141753 -1.03208
1.14342 -0.375326 -0.149294
1.15117 -0.431139 -0.37009
0.989648 -0.301818 -0.465555
1.24353 -0.244786 -0.40793
1.27841 -0.251741 -0.754622
1.3725 -0.265312 -1.07596
1373358064
1.16642 -0.173024 0.131168
1.23694 -0.238562 -0.108524
1.26403 -0.211943 -0.249059
1.32899 -0.100643 -0.0646589
1.43307 -0.0235778 -0.282619
1.35866 0.0100148 -0.48147
1.33222 -0.123734 -0.370005
1.40036 -0.111973 -0.711701
1.48767 -0.138976 -1.03422
1.14489 -0.376481 -0.152389
1.15536 -0.438535 -0.371476
0.989103 -0.294531 -0.431305
1.25001 -0.246917 -0.409183
1.27178 -0.242771 -0.7571
1.37313 -0.265113 -1.07584
1373358064
1.16842 -0.17238 0.130519
1.23711 -0.238242 -0.109841
1.26281 -0.210337 -0.251521
1.33336 -0.103876 -0.0659185
1.43942 -0.0271788 -0.283184
1.36466 0.00538644 -0.484003
1.3314 -0.122558 -0.37363
1.39068 -0.112748 -0.718556
1.48951 -0.141501 -1.03909
1.14087 -0.372608 -0.153763
1.16512 -0.434168 -0.372918
0.980389 -0.306926 -0.418652
1.24562 -0.242307 -0.412774
1.27747 -0.244367 -0.761437
1.38839 -0.27478 -1.07783
1373358064
1.16889 -0.171751 0.130866
1.23733 -0.237409 -0.110586
1.26406 -0.209702 -0.251148
1.33167 -0.101312 -0.0658197
1.44076 -0.0243575 -0.284209
1.36304 0.00604812 -0.482991
1.33212 -0.122367 -0.372097
1.3889 -0.112774 -0.718672
1.49297 -0.144093 -1.03853
1.14299 -0.373506 -0.155352
1.17051 -0.432331 -0.375695
0.982467 -0.311147 -0.427881
1.24946 -0.241623 -0.411323
1.27127 -0.238347 -0.761957
1.39077 -0.268761 -1.07646
1373358064
1.1694 -0.172092 0.130367
1.23867 -0.23496 -0.112586
1.26625 -0.210521 -0.253847
1.32972 -0.0953003 -0.0706432
1.44239 -0.0195948 -0.287493
1.35329 0.00997574 -0.489603
1.33398 -0.124506 -0.376616
1.39525 -0.113179 -0.7228
1.50146 -0.152129 -1.04154
1.14761 -0.374619 -0.154528
1.17849 -0.433797 -0.374617
0.989447 -0.304317 -0.39445
1.25369 -0.247658 -0.413601
1.27518 -0.24062 -0.76462
1.39678 -0.2631 -1.07942
1373358064
1.16969 -0.1713 0.130831
1.23845 -0.232824 -0.11337
1.2666 -0.210289 -0.255918
1.32764 -0.0912369 -0.0733685
1.44162 -0.0176465 -0.292206
1.35549 0.0138894 -0.487275
1.33475 -0.124277 -0.380532
1.39416 -0.117698 -0.727199
1.49729 -0.155293 -1.04714
1.14925 -0.374412 -0.153371
1.18025 -0.436613 -0.372632
1.00816 -0.302015 -0.44457
1.25477 -0.251229 -0.416399
1.2772 -0.238848 -0.767246
1.39159 -0.265254 -1.08447
1373358064
1.17192 -0.170674 0.131956
1.23875 -0.230313 -0.113553
1.26736 -0.207999 -0.256152
1.32978 -0.0890418 -0.073185
1.44408 -0.0171457 -0.293131
1.35508 0.0160671 -0.485852
1.33671 -0.12246 -0.380684
1.38952 -0.118406 -0.729208
1.48539 -0.159626 -1.05172
1.14773 -0.371584 -0.153922
1.18041 -0.437825 -0.372264
0.990212 -0.308137 -0.383859
1.25523 -0.24891 -0.416818
1.27984 -0.238476 -0.76833
1.36968 -0.265036 -1.0941
1373358064
1.17088 -0.169649 0.132743
1.23856 -0.228922 -0.113675
1.26559 -0.20681 -0.255685
1.32801 -0.0881344 -0.0747291
1.44433 -0.0176124 -0.297191
1.35214 0.0154783 -0.487718
1.33256 -0.121836 -0.380306
1.39274 -0.115998 -0.728131
1.49155 -0.169884 -1.04839
1.14912 -0.369709 -0.152622
1.1782 -0.438074 -0.371174
0.986363 -0.312268 -0.345532
1.25268 -0.247561 -0.415085
1.28489 -0.23513 -0.766434
1.38072 -0.255719 -1.09144
1373358065
1.17209 -0.169264 0.133376
1.23783 -0.227376 -0.113045
1.26407 -0.205941 -0.254697
1.32443 -0.0849196 -0.0754495
1.44002 -0.0159416 -0.299064
1.35273 0.0105937 -0.483764
1.32887 -0.121073 -0.379607
1.39847 -0.112378 -0.72625
1.4953 -0.167633 -1.04752
1.15124 -0.369833 -0.150641
1.17777 -0.439133 -0.369656
0.993667 -0.301535 -0.395063
1.25175 -0.247938 -0.413088
1.28342 -0.229961 -0.764877
1.39011 -0.248389 -1.08725
1373358065
1.17284 -0.168468 0.133468
1.23736 -0.227015 -0.111739
1.26471 -0.205146 -0.254159
1.32436 -0.0838924 -0.0730537
1.44184 -0.0148538 -0.295421
1.34974 0.0155734 -0.485339
1.32985 -0.121105 -0.379774
1.39671 -0.112429 -0.727664
1.49295 -0.168619 -1.04966
1.15035 -0.370138 -0.150424
1.17379 -0.436782 -0.371089
1.00395 -0.292478 -0.434451
1.25426 -0.24545 -0.413384
1.28154 -0.22952 -0.766335
1.3889 -0.258838 -1.08838
1373358065
1.17279 -0.168001 0.132854
1.23965 -0.225246 -0.111277
1.26577 -0.203831 -0.255222
1.32804 -0.0817839 -0.0738962
1.44353 -0.0155623 -0.298262
1.34689 0.0159762 -0.487615
1.33052 -0.119703 -0.382827
1.39912 -0.101063 -0.730394
1.49186 -0.162567 -1.05285
1.15126 -0.368709 -0.148658
1.17396 -0.43542 -0.369655
1.0178 -0.298168 -0.472526
1.25325 -0.24513 -0.415508
1.28146 -0.240349 -0.769114
1.38733 -0.264786 -1.09247
1373358065
1.17332 -0.168347 0.133034
1.23314 -0.226984 -0.109178
1.26169 -0.20523 -0.254901
1.31594 -0.0856193 -0.0718553
1.44413 -0.0137449 -0.304039
1.34919 0.0143213 -0.492653
1.32756 -0.119761 -0.383801
1.39149 -0.104702 -0.732797
1.48669 -0.154755 -1.05688
1.15035 -0.368349 -0.146502
1.17576 -0.435431 -0.367341
1.01821 -0.301631 -0.47313
1.25293 -0.24719 -0.417445
1.2809 -0.247421 -0.771464
1.38719 -0.2755 -1.09475
